VCC	V(rc)	I(RC)
Step Information: VBB=9.5  (Step: 1/3)
0.000000000000000e+00	7.025846e-03	-7.025846e-06
1.000000000000000e-01	5.085485e-02	4.914514e-05
2.000000000000000e-01	7.262732e-02	1.273727e-04
3.000000000000000e-01	8.713730e-02	2.128627e-04
4.000000000000000e-01	9.854503e-02	3.014550e-04
5.000000000000000e-01	1.084871e-01	3.915129e-04
6.000000000000001e-01	1.177830e-01	4.822170e-04
7.000000000000001e-01	1.270114e-01	5.729886e-04
8.000000000000000e-01	1.367287e-01	6.632713e-04
9.000000000000000e-01	1.476768e-01	7.523232e-04
1.000000000000000e+00	1.611889e-01	8.388111e-04
1.100000000000000e+00	1.804957e-01	9.195043e-04
1.200000000000000e+00	2.165606e-01	9.834394e-04
1.300000000000000e+00	2.946680e-01	1.005332e-03
1.400000000000000e+00	3.935439e-01	1.006456e-03
1.500000000000000e+00	4.935192e-01	1.006481e-03
1.600000000000000e+00	5.935187e-01	1.006481e-03
1.700000000000000e+00	6.935187e-01	1.006481e-03
1.800000000000000e+00	7.935187e-01	1.006481e-03
1.900000000000000e+00	8.935186e-01	1.006481e-03
2.000000000000000e+00	9.935187e-01	1.006481e-03
2.100000000000000e+00	1.093519e+00	1.006481e-03
2.200000000000000e+00	1.193519e+00	1.006481e-03
2.300000000000000e+00	1.293519e+00	1.006481e-03
2.400000000000000e+00	1.393519e+00	1.006481e-03
2.500000000000000e+00	1.493519e+00	1.006481e-03
2.600000000000000e+00	1.593519e+00	1.006481e-03
2.700000000000000e+00	1.693519e+00	1.006481e-03
2.800000000000000e+00	1.793519e+00	1.006481e-03
2.900000000000000e+00	1.893519e+00	1.006481e-03
3.000000000000000e+00	1.993519e+00	1.006481e-03
3.100000000000000e+00	2.093518e+00	1.006481e-03
3.200000000000000e+00	2.193519e+00	1.006481e-03
3.300000000000000e+00	2.293519e+00	1.006481e-03
3.400000000000000e+00	2.393518e+00	1.006481e-03
3.500000000000000e+00	2.493519e+00	1.006481e-03
3.600000000000000e+00	2.593518e+00	1.006481e-03
3.700000000000000e+00	2.693518e+00	1.006482e-03
3.800000000000000e+00	2.793519e+00	1.006482e-03
3.900000000000000e+00	2.893518e+00	1.006482e-03
4.000000000000000e+00	2.993518e+00	1.006482e-03
4.100000000000001e+00	3.093518e+00	1.006482e-03
4.200000000000000e+00	3.193518e+00	1.006482e-03
4.300000000000000e+00	3.293518e+00	1.006482e-03
4.400000000000000e+00	3.393518e+00	1.006482e-03
4.500000000000000e+00	3.493518e+00	1.006482e-03
4.600000000000001e+00	3.593518e+00	1.006482e-03
4.700000000000000e+00	3.693518e+00	1.006482e-03
4.800000000000001e+00	3.793518e+00	1.006482e-03
4.900000000000000e+00	3.893518e+00	1.006482e-03
5.000000000000000e+00	3.993518e+00	1.006482e-03
5.100000000000001e+00	4.093518e+00	1.006482e-03
5.200000000000000e+00	4.193518e+00	1.006482e-03
5.300000000000001e+00	4.293519e+00	1.006482e-03
5.400000000000000e+00	4.393518e+00	1.006482e-03
5.500000000000000e+00	4.493518e+00	1.006482e-03
5.600000000000001e+00	4.593518e+00	1.006482e-03
5.700000000000000e+00	4.693518e+00	1.006482e-03
5.800000000000001e+00	4.793518e+00	1.006482e-03
5.900000000000000e+00	4.893518e+00	1.006482e-03
6.000000000000000e+00	4.993518e+00	1.006482e-03
6.100000000000001e+00	5.093518e+00	1.006482e-03
6.200000000000000e+00	5.193518e+00	1.006482e-03
6.300000000000001e+00	5.293518e+00	1.006482e-03
6.400000000000000e+00	5.393518e+00	1.006482e-03
6.500000000000000e+00	5.493518e+00	1.006482e-03
6.600000000000001e+00	5.593518e+00	1.006482e-03
6.700000000000000e+00	5.693518e+00	1.006482e-03
6.800000000000001e+00	5.793518e+00	1.006482e-03
6.900000000000000e+00	5.893518e+00	1.006482e-03
7.000000000000000e+00	5.993518e+00	1.006482e-03
7.100000000000001e+00	6.093518e+00	1.006482e-03
7.200000000000000e+00	6.193518e+00	1.006482e-03
7.300000000000001e+00	6.293518e+00	1.006482e-03
7.400000000000000e+00	6.393518e+00	1.006482e-03
7.500000000000000e+00	6.493518e+00	1.006482e-03
7.600000000000001e+00	6.593518e+00	1.006482e-03
7.700000000000000e+00	6.693518e+00	1.006482e-03
7.800000000000001e+00	6.793518e+00	1.006482e-03
7.900000000000000e+00	6.893518e+00	1.006482e-03
8.000000000000000e+00	6.993518e+00	1.006482e-03
8.100000000000000e+00	7.093518e+00	1.006482e-03
8.200000000000001e+00	7.193518e+00	1.006482e-03
8.300000000000001e+00	7.293518e+00	1.006482e-03
8.400000000000000e+00	7.393518e+00	1.006482e-03
8.500000000000000e+00	7.493518e+00	1.006482e-03
8.600000000000000e+00	7.593518e+00	1.006482e-03
8.700000000000001e+00	7.693518e+00	1.006482e-03
8.800000000000001e+00	7.793518e+00	1.006482e-03
8.900000000000000e+00	7.893518e+00	1.006482e-03
9.000000000000000e+00	7.993518e+00	1.006482e-03
9.100000000000000e+00	8.093518e+00	1.006482e-03
9.200000000000001e+00	8.193518e+00	1.006482e-03
9.300000000000001e+00	8.293518e+00	1.006482e-03
9.400000000000000e+00	8.393517e+00	1.006482e-03
9.500000000000000e+00	8.493518e+00	1.006482e-03
9.600000000000001e+00	8.593518e+00	1.006482e-03
9.700000000000001e+00	8.693518e+00	1.006482e-03
9.800000000000001e+00	8.793518e+00	1.006482e-03
9.900000000000000e+00	8.893517e+00	1.006482e-03
1.000000000000000e+01	8.993518e+00	1.006482e-03
Step Information: VBB=17.4  (Step: 2/3)
0.000000000000000e+00	1.026072e-02	-1.026072e-05
1.000000000000000e-01	4.175938e-02	5.824062e-05
2.000000000000000e-01	5.871463e-02	1.412854e-04
3.000000000000000e-01	7.026207e-02	2.297379e-04
4.000000000000000e-01	7.915743e-02	3.208426e-04
5.000000000000000e-01	8.654052e-02	4.134595e-04
6.000000000000001e-01	9.297059e-02	5.070294e-04
7.000000000000001e-01	9.877037e-02	6.012296e-04
8.000000000000000e-01	1.041456e-01	6.958544e-04
9.000000000000000e-01	1.092428e-01	7.907572e-04
1.000000000000000e+00	1.141634e-01	8.858365e-04
1.100000000000000e+00	1.190023e-01	9.809977e-04
1.200000000000000e+00	1.238410e-01	1.076159e-03
1.300000000000000e+00	1.287618e-01	1.171238e-03
1.400000000000000e+00	1.338540e-01	1.266146e-03
1.500000000000000e+00	1.392265e-01	1.360774e-03
1.600000000000000e+00	1.450226e-01	1.454977e-03
1.700000000000000e+00	1.514481e-01	1.548552e-03
1.800000000000000e+00	1.588263e-01	1.641174e-03
1.900000000000000e+00	1.677209e-01	1.732279e-03
2.000000000000000e+00	1.792631e-01	1.820737e-03
2.100000000000000e+00	1.962400e-01	1.903760e-03
2.200000000000000e+00	2.279084e-01	1.972092e-03
2.300000000000000e+00	2.998957e-01	2.000104e-03
2.400000000000000e+00	3.980638e-01	2.001936e-03
2.500000000000000e+00	4.980225e-01	2.001978e-03
2.600000000000000e+00	5.980217e-01	2.001978e-03
2.700000000000000e+00	6.980217e-01	2.001978e-03
2.800000000000000e+00	7.980216e-01	2.001978e-03
2.900000000000000e+00	8.980216e-01	2.001978e-03
3.000000000000000e+00	9.980216e-01	2.001978e-03
3.100000000000000e+00	1.098022e+00	2.001978e-03
3.200000000000000e+00	1.198022e+00	2.001978e-03
3.300000000000000e+00	1.298022e+00	2.001978e-03
3.400000000000000e+00	1.398022e+00	2.001978e-03
3.500000000000000e+00	1.498022e+00	2.001978e-03
3.600000000000000e+00	1.598022e+00	2.001978e-03
3.700000000000000e+00	1.698022e+00	2.001978e-03
3.800000000000000e+00	1.798022e+00	2.001978e-03
3.900000000000000e+00	1.898021e+00	2.001978e-03
4.000000000000000e+00	1.998021e+00	2.001978e-03
4.100000000000001e+00	2.098022e+00	2.001978e-03
4.200000000000000e+00	2.198021e+00	2.001978e-03
4.300000000000000e+00	2.298022e+00	2.001978e-03
4.400000000000000e+00	2.398021e+00	2.001978e-03
4.500000000000000e+00	2.498021e+00	2.001978e-03
4.600000000000001e+00	2.598022e+00	2.001978e-03
4.700000000000000e+00	2.698021e+00	2.001978e-03
4.800000000000001e+00	2.798021e+00	2.001979e-03
4.900000000000000e+00	2.898021e+00	2.001979e-03
5.000000000000000e+00	2.998021e+00	2.001979e-03
5.100000000000001e+00	3.098022e+00	2.001979e-03
5.200000000000000e+00	3.198021e+00	2.001979e-03
5.300000000000001e+00	3.298021e+00	2.001979e-03
5.400000000000000e+00	3.398021e+00	2.001979e-03
5.500000000000000e+00	3.498021e+00	2.001979e-03
5.600000000000001e+00	3.598021e+00	2.001979e-03
5.700000000000000e+00	3.698021e+00	2.001979e-03
5.800000000000001e+00	3.798021e+00	2.001979e-03
5.900000000000000e+00	3.898021e+00	2.001979e-03
6.000000000000000e+00	3.998021e+00	2.001979e-03
6.100000000000001e+00	4.098022e+00	2.001979e-03
6.200000000000000e+00	4.198021e+00	2.001979e-03
6.300000000000001e+00	4.298021e+00	2.001979e-03
6.400000000000000e+00	4.398021e+00	2.001979e-03
6.500000000000000e+00	4.498021e+00	2.001979e-03
6.600000000000001e+00	4.598021e+00	2.001979e-03
6.700000000000000e+00	4.698021e+00	2.001979e-03
6.800000000000001e+00	4.798021e+00	2.001979e-03
6.900000000000000e+00	4.898021e+00	2.001979e-03
7.000000000000000e+00	4.998021e+00	2.001979e-03
7.100000000000001e+00	5.098021e+00	2.001979e-03
7.200000000000000e+00	5.198021e+00	2.001979e-03
7.300000000000001e+00	5.298021e+00	2.001979e-03
7.400000000000000e+00	5.398021e+00	2.001979e-03
7.500000000000000e+00	5.498021e+00	2.001979e-03
7.600000000000001e+00	5.598021e+00	2.001979e-03
7.700000000000000e+00	5.698021e+00	2.001979e-03
7.800000000000001e+00	5.798021e+00	2.001979e-03
7.900000000000000e+00	5.898021e+00	2.001979e-03
8.000000000000000e+00	5.998021e+00	2.001979e-03
8.100000000000000e+00	6.098021e+00	2.001979e-03
8.200000000000001e+00	6.198021e+00	2.001979e-03
8.300000000000001e+00	6.298021e+00	2.001979e-03
8.400000000000000e+00	6.398021e+00	2.001979e-03
8.500000000000000e+00	6.498021e+00	2.001979e-03
8.600000000000000e+00	6.598021e+00	2.001979e-03
8.700000000000001e+00	6.698021e+00	2.001979e-03
8.800000000000001e+00	6.798021e+00	2.001979e-03
8.900000000000000e+00	6.898021e+00	2.001979e-03
9.000000000000000e+00	6.998021e+00	2.001979e-03
9.100000000000000e+00	7.098021e+00	2.001979e-03
9.200000000000001e+00	7.198021e+00	2.001979e-03
9.300000000000001e+00	7.298021e+00	2.001979e-03
9.400000000000000e+00	7.398021e+00	2.001979e-03
9.500000000000000e+00	7.498021e+00	2.001979e-03
9.600000000000001e+00	7.598021e+00	2.001979e-03
9.700000000000001e+00	7.698021e+00	2.001979e-03
9.800000000000001e+00	7.798021e+00	2.001979e-03
9.900000000000000e+00	7.898021e+00	2.001979e-03
1.000000000000000e+01	7.998021e+00	2.001979e-03
Step Information: VBB=25.3  (Step: 3/3)
0.000000000000000e+00	1.207184e-02	-1.207184e-05
1.000000000000000e-01	3.695973e-02	6.304027e-05
2.000000000000000e-01	5.141701e-02	1.485830e-04
3.000000000000000e-01	6.146407e-02	2.385359e-04
4.000000000000000e-01	6.930274e-02	3.306973e-04
5.000000000000000e-01	7.581584e-02	4.241842e-04
6.000000000000001e-01	8.137753e-02	5.186225e-04
7.000000000000001e-01	8.631583e-02	6.136842e-04
8.000000000000000e-01	9.080198e-02	7.091980e-04
9.000000000000000e-01	9.494711e-02	8.050529e-04
1.000000000000000e+00	9.883282e-02	9.011672e-04
1.100000000000000e+00	1.025205e-01	9.974795e-04
1.200000000000000e+00	1.060580e-01	1.093942e-03
1.300000000000000e+00	1.094844e-01	1.190516e-03
1.400000000000000e+00	1.128324e-01	1.287168e-03
1.500000000000000e+00	1.161311e-01	1.383869e-03
1.600000000000000e+00	1.194071e-01	1.480593e-03
1.700000000000000e+00	1.226857e-01	1.577314e-03
1.800000000000000e+00	1.259928e-01	1.674007e-03
1.900000000000000e+00	1.293553e-01	1.770645e-03
2.000000000000000e+00	1.328029e-01	1.867197e-03
2.100000000000000e+00	1.363697e-01	1.963630e-03
2.200000000000000e+00	1.400963e-01	2.059904e-03
2.300000000000000e+00	1.440348e-01	2.155965e-03
2.400000000000000e+00	1.482488e-01	2.251751e-03
2.500000000000000e+00	1.528281e-01	2.347172e-03
2.600000000000000e+00	1.578984e-01	2.442101e-03
2.700000000000000e+00	1.636485e-01	2.536352e-03
2.800000000000000e+00	1.703808e-01	2.629619e-03
2.900000000000000e+00	1.786274e-01	2.721373e-03
3.000000000000000e+00	1.894509e-01	2.810549e-03
3.100000000000000e+00	2.054302e-01	2.894570e-03
3.200000000000000e+00	2.349409e-01	2.965059e-03
3.300000000000000e+00	3.031476e-01	2.996852e-03
3.400000000000000e+00	4.007258e-01	2.999274e-03
3.500000000000000e+00	5.006700e-01	2.999330e-03
3.600000000000000e+00	6.006688e-01	2.999331e-03
3.700000000000000e+00	7.006688e-01	2.999331e-03
3.800000000000000e+00	8.006687e-01	2.999331e-03
3.900000000000000e+00	9.006687e-01	2.999331e-03
4.000000000000000e+00	1.000669e+00	2.999331e-03
4.100000000000001e+00	1.100669e+00	2.999331e-03
4.200000000000000e+00	1.200669e+00	2.999331e-03
4.300000000000000e+00	1.300669e+00	2.999331e-03
4.400000000000000e+00	1.400669e+00	2.999331e-03
4.500000000000000e+00	1.500669e+00	2.999331e-03
4.600000000000001e+00	1.600669e+00	2.999331e-03
4.700000000000000e+00	1.700669e+00	2.999331e-03
4.800000000000001e+00	1.800669e+00	2.999331e-03
4.900000000000000e+00	1.900669e+00	2.999331e-03
5.000000000000000e+00	2.000669e+00	2.999331e-03
5.100000000000001e+00	2.100669e+00	2.999331e-03
5.200000000000000e+00	2.200669e+00	2.999331e-03
5.300000000000001e+00	2.300668e+00	2.999331e-03
5.400000000000000e+00	2.400669e+00	2.999331e-03
5.500000000000000e+00	2.500669e+00	2.999332e-03
5.600000000000001e+00	2.600668e+00	2.999332e-03
5.700000000000000e+00	2.700669e+00	2.999332e-03
5.800000000000001e+00	2.800668e+00	2.999332e-03
5.900000000000000e+00	2.900669e+00	2.999332e-03
6.000000000000000e+00	3.000669e+00	2.999332e-03
6.100000000000001e+00	3.100668e+00	2.999332e-03
6.200000000000000e+00	3.200669e+00	2.999332e-03
6.300000000000001e+00	3.300668e+00	2.999332e-03
6.400000000000000e+00	3.400668e+00	2.999332e-03
6.500000000000000e+00	3.500669e+00	2.999332e-03
6.600000000000001e+00	3.600668e+00	2.999332e-03
6.700000000000000e+00	3.700668e+00	2.999332e-03
6.800000000000001e+00	3.800668e+00	2.999332e-03
6.900000000000000e+00	3.900668e+00	2.999332e-03
7.000000000000000e+00	4.000669e+00	2.999332e-03
7.100000000000001e+00	4.100668e+00	2.999332e-03
7.200000000000000e+00	4.200668e+00	2.999332e-03
7.300000000000001e+00	4.300668e+00	2.999332e-03
7.400000000000000e+00	4.400668e+00	2.999332e-03
7.500000000000000e+00	4.500669e+00	2.999332e-03
7.600000000000001e+00	4.600668e+00	2.999332e-03
7.700000000000000e+00	4.700668e+00	2.999332e-03
7.800000000000001e+00	4.800668e+00	2.999332e-03
7.900000000000000e+00	4.900668e+00	2.999332e-03
8.000000000000000e+00	5.000669e+00	2.999332e-03
8.100000000000000e+00	5.100668e+00	2.999332e-03
8.200000000000001e+00	5.200668e+00	2.999332e-03
8.300000000000001e+00	5.300668e+00	2.999332e-03
8.400000000000000e+00	5.400668e+00	2.999332e-03
8.500000000000000e+00	5.500668e+00	2.999332e-03
8.600000000000000e+00	5.600668e+00	2.999332e-03
8.700000000000001e+00	5.700668e+00	2.999332e-03
8.800000000000001e+00	5.800668e+00	2.999332e-03
8.900000000000000e+00	5.900668e+00	2.999332e-03
9.000000000000000e+00	6.000668e+00	2.999332e-03
9.100000000000000e+00	6.100668e+00	2.999332e-03
9.200000000000001e+00	6.200668e+00	2.999332e-03
9.300000000000001e+00	6.300668e+00	2.999332e-03
9.400000000000000e+00	6.400668e+00	2.999332e-03
9.500000000000000e+00	6.500668e+00	2.999332e-03
9.600000000000001e+00	6.600668e+00	2.999332e-03
9.700000000000001e+00	6.700668e+00	2.999332e-03
9.800000000000001e+00	6.800668e+00	2.999332e-03
9.900000000000000e+00	6.900668e+00	2.999332e-03
1.000000000000000e+01	7.000668e+00	2.999332e-03
